function C = fig_colors()
% Muted, colorblind-friendly palette for statistical panels.
C.blue = [0.121 0.310 0.537];
C.sky = [0.278 0.576 0.761];
C.teal = [0.000 0.475 0.416];
C.green = [0.310 0.600 0.380];
C.red = [0.724 0.204 0.165];
C.orange = [0.815 0.424 0.153];
C.purple = [0.369 0.275 0.560];
C.gray = [0.330 0.330 0.330];
C.lightgray = [0.820 0.830 0.840];
C.axis = [0.120 0.120 0.120];
end
